-1.3677947663381928e-16 0.002
-1.3677947663381928e-16 0.004
-1.1349449001357067e-15 0.006
-1.5844161206433464e-14 0.008
-1.1805516065220648e-13 0.01
-4.694090142907815e-13 0.012
-1.4309468014861502e-12 0.014
-3.645038005778229e-12 0.016
-8.158966028648213e-12 0.018000000000000002
-1.675262453110825e-11 0.020000000000000004
-3.154001017131722e-11 0.022000000000000006
-5.582369201239831e-11 0.024000000000000007
-9.390682886852263e-11 0.02600000000000001
-1.5138241090919607e-10 0.02800000000000001
-2.353588347281756e-10 0.030000000000000013
-3.546821367261397e-10 0.032000000000000015
-5.201961079945642e-10 0.034000000000000016
-7.449889521824261e-10 0.03600000000000002
-1.0446616974680193e-09 0.03800000000000002
-1.4376021126529793e-09 0.04000000000000002
-1.9452661477116676e-09 0.04200000000000002
-2.592467862268514e-09 0.044000000000000025
-3.4076721027802834e-09 0.04600000000000003
-4.4232981883242655e-09 0.04800000000000003
-5.6760219074134766e-09 0.05000000000000003
-7.207086410672473e-09 0.05200000000000003
-9.062615222684033e-09 0.054000000000000034
-1.1293925784164565e-08 0.056000000000000036
-1.3957851209437549e-08 0.05800000000000004
-1.711705671893255e-08 0.06000000000000004
-2.084036450756433e-08 0.06200000000000004
-2.5203075732683147e-08 0.06400000000000004
-3.028729485957158e-08 0.06600000000000004
-3.6182254080732365e-08 0.06800000000000005
-4.298463967388325e-08 0.07000000000000005
-5.079891670479793e-08 0.07200000000000005
-5.973765502275426e-08 0.07400000000000005
-6.992185324226363e-08 0.07600000000000005
-8.148126683925553e-08 0.07800000000000006
-9.455472891664309e-08 0.08000000000000006
-1.0929047819401549e-07 0.08200000000000006
-1.2584647953563043e-07 0.08400000000000006
-1.4439074951622026e-07 0.08600000000000006
-1.6510167777775022e-07 0.08800000000000006
-1.8816834863696654e-07 0.09000000000000007
-2.1379086274191114e-07 0.09200000000000007
-2.421806587526609e-07 0.09400000000000007
-2.7356083141351685e-07 0.09600000000000007
-3.081664530373563e-07 0.09800000000000007
-3.4624489142543597e-07 0.10000000000000007
-3.880561300850868e-07 0.10200000000000008
-4.338730848242182e-07 0.10400000000000008
-4.83981923930463e-07 0.10600000000000008
-5.386823844543121e-07 0.10800000000000008
-5.982880903411405e-07 0.11000000000000008
-6.6312687302735e-07 0.11200000000000009
-7.335410845138913e-07 0.11400000000000009
-8.098879204883941e-07 0.11600000000000009
-8.925397345634186e-07 0.11800000000000009
-9.818843597682934e-07 0.12000000000000009
-1.0783254258013248e-06 0.1220000000000001
-1.1822826801152085e-06 0.1240000000000001
-1.2941923061441592e-06 0.12600000000000008
-1.4145072446809107e-06 0.12800000000000009
-1.5436975158710753e-06 0.1300000000000001
-1.6822505394469668e-06 0.1320000000000001
-1.8306714587058126e-06 0.1340000000000001
-1.9894834639657743e-06 0.1360000000000001
-2.1592281153783997e-06 0.1380000000000001
-2.3404656696332386e-06 0.1400000000000001
-2.5337754042860785e-06 0.1420000000000001
-2.739755946131454e-06 0.1440000000000001
-2.9590255967529027e-06 0.1460000000000001
-3.192222662427505e-06 0.1480000000000001
-3.440005782707284e-06 0.1500000000000001
-3.7030542597045276e-06 0.1520000000000001
-3.9820683888780145e-06 0.1540000000000001
-4.2777697905273515e-06 0.1560000000000001
-4.590901741234136e-06 0.1580000000000001
-4.9222295051120225e-06 0.16000000000000011
-5.2725406674022205e-06 0.16200000000000012
-5.642645466888263e-06 0.16400000000000012
-6.033377128274532e-06 0.16600000000000012
-6.445592195581672e-06 0.16800000000000012
-6.880170864196807e-06 0.17000000000000012
-7.338017314575978e-06 0.17200000000000013
-7.820060042499331e-06 0.17400000000000013
-8.327252191806468e-06 0.17600000000000013
-8.860571884147737e-06 0.17800000000000013
-9.421022549068298e-06 0.18000000000000013
-1.0009633251916933e-05 0.18200000000000013
-1.0627459019690644e-05 0.18400000000000014
-1.1275581168891352e-05 0.18600000000000014
-1.1955107626285456e-05 0.18800000000000014
-1.2667173250144975e-05 0.19000000000000014
-1.341294014894039e-05 0.19200000000000014
-1.419359799927061e-05 0.19400000000000014
-1.501036435482968e-05 0.19600000000000015
-1.586448495924684e-05 0.19800000000000015
-1.6757234050122842e-05 0.20000000000000015
-1.7689914661303186e-05 0.20200000000000015
-1.866385892094349e-05 0.20400000000000015
-1.968042834314551e-05 0.20600000000000016
-2.074101411808965e-05 0.20800000000000016
-2.1847037393752682e-05 0.21000000000000016
-2.2999949551783036e-05 0.21200000000000016
-2.420123248002466e-05 0.21400000000000016
-2.545239883725183e-05 0.21600000000000016
-2.6754992309375967e-05 0.21800000000000017
-2.8110587861200633e-05 0.22000000000000017
-2.9520791978560026e-05 0.22200000000000017
-3.098724290368044e-05 0.22400000000000017
-3.25116108617574e-05 0.22600000000000017
-3.409559827727527e-05 0.22800000000000017
-3.5740939982445443e-05 0.23000000000000018
-3.744940341749864e-05 0.23200000000000018
-3.9222788815372964e-05 0.23400000000000018
-4.106292938342506e-05 0.23600000000000018
-4.297169146563107e-05 0.23800000000000018
-4.495097470152748e-05 0.24000000000000019
-4.700271216496248e-05 0.2420000000000002
-4.91288704984377e-05 0.2440000000000002
-5.1331450027713615e-05 0.2460000000000002
-5.361248486724796e-05 0.2480000000000002
-5.5974043010582126e-05 0.25000000000000017
-5.8418226404128866e-05 0.25200000000000017
-6.0947171011630486e-05 0.25400000000000017
-6.35630468565861e-05 0.25600000000000017
-6.626805805431436e-05 0.2580000000000002
-6.90644428252349e-05 0.2600000000000002
-7.195447349221047e-05 0.2620000000000002
-7.494045645967843e-05 0.2640000000000002
-7.802473217748971e-05 0.2660000000000002
-8.120967508426554e-05 0.2680000000000002
-8.449769353423148e-05 0.2700000000000002
-8.789122970441647e-05 0.2720000000000002
-9.139275948096231e-05 0.2740000000000002
-9.500479232996673e-05 0.2760000000000002
-9.872987114246057e-05 0.2780000000000002
-0.00010257057206466432 0.2800000000000002
-0.00010652950430286624 0.2820000000000002
-0.00011060930990925143 0.2840000000000002
-0.00011481266354613576 0.2860000000000002
-0.00011914227222762929 0.2880000000000002
-0.00012360087503875754 0.2900000000000002
-0.00012819124283403434 0.2920000000000002
-0.00013291617790926874 0.2940000000000002
-0.00013777851365669988 0.2960000000000002
-0.00014278111418870594 0.2980000000000002
-0.0001479268739459683 0.3000000000000002
-0.00015321871727614153 0.3020000000000002
-0.00015865959799202212 0.3040000000000002
-0.00016425249890512483 0.3060000000000002
-0.0001700004313337741 0.3080000000000002
-0.00017590643458884536 0.3100000000000002
-0.0001819735754359098 0.3120000000000002
-0.00018820494752995096 0.3140000000000002
-0.00019460367083182673 0.3160000000000002
-0.00020117289099381614 0.3180000000000002
-0.00020791577872737436 0.32000000000000023
-0.0002148355291447461 0.32200000000000023
-0.00022193536107650564 0.32400000000000023
-0.00022921851636695256 0.32600000000000023
-0.0002366882591474026 0.32800000000000024
-0.00024434787508537115 0.33000000000000024
-0.00025220067061266317 0.33200000000000024
-0.00026024997213149796 0.33400000000000024
-0.0002684991251991223 0.33600000000000024
-0.00027695149369335 0.33800000000000024
-0.000285610458956212 0.34000000000000025
-0.000294479418918187 0.34200000000000025
-0.000303561787206804 0.34400000000000025
-0.00031286099223348557 0.34600000000000025
-0.00032238047626486255 0.34800000000000025
-0.0003321236944784975 0.35000000000000026
-0.00034209411400325435 0.35200000000000026
-0.0003522952129434059 0.35400000000000026
-0.00036273047939146697 0.35600000000000026
-0.00037340341042928964 0.35800000000000026
-0.00038431751111451173 0.36000000000000026
-0.000395476293461324 0.36200000000000027
-0.00040688327541110595 0.36400000000000027
-0.00041854197979330137 0.36600000000000027
-0.000430455933284251 0.36800000000000027
-0.0004426286653587971 0.3700000000000003
-0.00045506370723919436 0.3720000000000003
-0.00046776459084260424 0.3740000000000003
-0.00048073484772833953 0.3760000000000003
-0.0004939780080482672 0.3780000000000003
-0.0005074975994950873 0.3800000000000003
-0.0005212971462628094 0.3820000000000003
-0.0005353801680064685 0.3840000000000003
-0.0005497501788150988 0.3860000000000003
-0.0005644106861927573 0.3880000000000003
-0.0005793651900507146 0.3900000000000003
-0.0005946171817139094 0.3920000000000003
-0.0006101701429421763 0.3940000000000003
-0.0006260275449715459 0.3960000000000003
-0.0006421928475695926 0.3980000000000003
-0.0006586694981158196 0.4000000000000003
-0.0006754609307036458 0.4020000000000003
-0.00069257056526773 0.4040000000000003
-0.000710001806736698 0.4060000000000003
-0.0007277580442159879 0.4080000000000003
-0.0007458426502004225 0.4100000000000003
-0.0007642589798188284 0.4120000000000003
-0.0007830103701143018 0.4140000000000003
-0.0008021001393585737 0.4160000000000003
-0.0008215315864062813 0.4180000000000003
-0.0008413079900852245 0.4200000000000003
-0.0008614326086338323 0.4220000000000003
-0.0008819086791769927 0.4240000000000003
-0.0009027394172463198 0.4260000000000003
-0.000923928016350949 0.4280000000000003
-0.0009454776475919603 0.4300000000000003
-0.0009673914593275173 0.43200000000000033
-0.0009896725768894885 0.43400000000000033
-0.0010123241023516 0.43600000000000033
-0.001035349114350237 0.43800000000000033
-0.0010587506679605677 0.44000000000000034
-0.0010825317946281875 0.44200000000000034
-0.0011066955021576254 0.44400000000000034
-0.0011312447747576348 0.44600000000000034
-0.0011561825731460145 0.44800000000000034
-0.0011815118347131906 0.45000000000000034
-0.001207235473745294 0.45200000000000035
-0.0012333563817084415 0.45400000000000035
-0.0012598774275931637 0.45600000000000035
-0.0012868014583199874 0.45800000000000035
-0.0013141312992083962 0.46000000000000035
-0.001341869754504304 0.46200000000000035
-0.0013700196079717275 0.46400000000000036
-0.001398583623542845 0.46600000000000036
-0.0014275645460343593 0.46800000000000036
-0.0014569651019190493 0.47000000000000036
-0.001486788000162023 0.47200000000000036
-0.0015170359331139684 0.47400000000000037
-0.0015477115774660847 0.47600000000000037
-0.0015788175952616299 0.47800000000000037
-0.0016103566349647868 0.48000000000000037
-0.0016423313325880623 0.4820000000000004
-0.0016747443128712826 0.4840000000000004
-0.001707598190520045 0.4860000000000004
-0.001740895571488929 0.4880000000000004
-0.0017746390543248584 0.4900000000000004
-0.0018088312315519286 0.4920000000000004
-0.0018434746911096041 0.4940000000000004
-0.0018785720178335088 0.4960000000000004
-0.001914125794982892 0.4980000000000004
-0.0019501386058066142 0.5000000000000003
-0.0019866130351542406 0.5020000000000003
-0.0020235516711191916 0.5040000000000003
-0.0020609571067222382 0.5060000000000003
-0.002098831941625079 0.5080000000000003
-0.002137178783876775 0.5100000000000003
-0.0021760002516855097 0.5120000000000003
-0.0022152989752204496 0.5140000000000003
-0.0022550775984317 0.5160000000000003
-0.0022953387808955106 0.5180000000000003
-0.0023360851996725215 0.5200000000000004
-0.0023773195511848427 0.5220000000000004
-0.0024190445531023477 0.5240000000000004
-0.002461262946240242 0.5260000000000004
-0.002503977496461286 0.5280000000000004
-0.0025471909965820725 0.5300000000000004
-0.0025909062682809864 0.5320000000000004
-0.002635126164001377 0.5340000000000004
-0.0026798535688511388 0.5360000000000004
-0.0027250914024939754 0.5380000000000004
-0.0027708426210272543 0.5400000000000004
-0.002817110218849191 0.5420000000000004
-0.0028638972305051642 0.5440000000000004
-0.00291120673251646 0.5460000000000004
-0.002959041845185433 0.5480000000000004
-0.003007405734374871 0.5500000000000004
-0.0030563016132586305 0.5520000000000004
-0.00310573274404043 0.5540000000000004
-0.0031557024396408496 0.5560000000000004
-0.003206214065344365 0.5580000000000004
-0.0032572710404092146 0.5600000000000004
-0.003308876839635517 0.5620000000000004
-0.003361034994888038 0.5640000000000004
-0.003413749096571284 0.5660000000000004
-0.0034670227950587985 0.5680000000000004
-0.0035208598020679484 0.5700000000000004
-0.0035752638919811603 0.5720000000000004
-0.0036302389031144097 0.5740000000000004
-0.00368578873892479 0.5760000000000004
-0.0037419173691601946 0.5780000000000004
-0.0037986288309462936 0.5800000000000004
-0.003855927229812929 0.5820000000000004
-0.0039138167406507045 0.5840000000000004
-0.003972301608608208 0.5860000000000004
-0.004031386149914385 0.5880000000000004
-0.00409107475263679 0.5900000000000004
-0.004151371877365404 0.5920000000000004
-0.0042122820578300675 0.5940000000000004
-0.004273809901440443 0.5960000000000004
-0.00433596008975458 0.5980000000000004
-0.00439873737887412 0.6000000000000004
-0.004462146599762378 0.6020000000000004
-0.004526192658490167 0.6040000000000004
-0.004590880536401408 0.6060000000000004
-0.004656215290205899 0.6080000000000004
-0.00472220205199409 0.6100000000000004
-0.004788846029175407 0.6120000000000004
-0.004856152504339208 0.6140000000000004
-0.004924126835039767 0.6160000000000004
-0.004992774453504262 0.6180000000000004
-0.005062100866264182 0.6200000000000004
-0.005132111653712389 0.6220000000000004
-0.00520281246958107 0.6240000000000004
-0.005274209040350768 0.6260000000000004
-0.005346307164578358 0.6280000000000004
-0.005419112712156748 0.6300000000000004
-0.005492631623499816 0.6320000000000005
-0.005566869908654649 0.6340000000000005
-0.005641833646345877 0.6360000000000005
-0.005717528982948655 0.6380000000000005
-0.005793962131392027 0.6400000000000005
-0.005871139369999086 0.6420000000000005
-0.005949067041256028 0.6440000000000005
-0.006027751550521959 0.6460000000000005
-0.006107199364671026 0.6480000000000005
-0.006187417010678233 0.6500000000000005
-0.00626841107413988 0.6520000000000005
-0.00635018819774078 0.6540000000000005
-0.006432755079661529 0.6560000000000005
-0.006516118471932705 0.6580000000000005
-0.006600285178736003 0.6600000000000005
-0.0066852620546530885 0.6620000000000005
-0.006771056002867704 0.6640000000000005
-0.006857673973317565 0.6660000000000005
-0.006945122960802745 0.6680000000000005
-0.007033410003050366 0.6700000000000005
-0.007122542178737947 0.6720000000000005
-0.007212526605476409 0.6740000000000005
-0.007303370437758021 0.6760000000000005
-0.007395080864865625 0.6780000000000005
-0.007487665108752801 0.6800000000000005
-0.007581130421889502 0.6820000000000005
-0.007675484085080186 0.6840000000000005
-0.007770733405255307 0.6860000000000005
-0.007866885713236939 0.6880000000000005
-0.007963948361482707 0.6900000000000005
-0.008061928721806857 0.6920000000000005
-0.00816083418308637 0.6940000000000005
-0.008260672148946423 0.6960000000000005
-0.008361450035433189 0.6980000000000005
-0.008463175268675804 0.7000000000000005
-0.008565855282533024 0.7020000000000005
-0.008669497516234977 0.7040000000000005
-0.008774109412018784 0.7060000000000005
-0.008879698412754967 0.7080000000000005
-0.00898627195957535 0.7100000000000005
-0.009093837489497688 0.7120000000000005
-0.00920240243305126 0.7140000000000005
-0.009311974211904328 0.7160000000000005
-0.009422560236498406 0.7180000000000005
-0.00953416790368321 0.7200000000000005
-0.009646804594364587 0.7220000000000005
-0.009760477671157312 0.7240000000000005
-0.009875194476052042 0.7260000000000005
-0.009990962328090432 0.7280000000000005
-0.010107788521056192 0.7300000000000005
-0.010225680321182144 0.7320000000000005
-0.01034464496487011 0.7340000000000005
-0.010464689656431278 0.7360000000000005
-0.010585821565844058 0.7380000000000005
-0.010708047826532565 0.7400000000000005
-0.010831375533164305 0.7420000000000005
-0.010955811739474238 0.7440000000000005
-0.011081363456107381 0.7460000000000006
-0.011208037648487582 0.7480000000000006
-0.011335841234712932 0.7500000000000006
-0.011464781083474524 0.7520000000000006
-0.01159486401200283 0.7540000000000006
-0.011726096784043872 0.7560000000000006
-0.011858486107859108 0.7580000000000006
-0.011992038634258274 0.7600000000000006
-0.012126760954660545 0.7620000000000006
-0.01226265959918316 0.7640000000000006
-0.012399741034765847 0.7660000000000006
-0.012538011663320267 0.7680000000000006
-0.01267747781991549 0.7700000000000006
-0.012818145770991 0.7720000000000006
-0.012960021712606365 0.7740000000000006
-0.013103111768717968 0.7760000000000006
-0.013247421989492348 0.7780000000000006
-0.013392958349649008 0.7800000000000006
-0.013539726746837618 0.7820000000000006
-0.013687733000046977 0.7840000000000006
-0.01383698284804705 0.7860000000000006
-0.013987481947862354 0.7880000000000006
-0.014139235873280673 0.7900000000000006
-0.014292250113390127 0.7920000000000006
-0.014446530071152916 0.7940000000000006
-0.014602081062006868 0.7960000000000006
-0.014758908312501744 0.7980000000000006
-0.014917016958965901 0.8000000000000006
-0.015076412046205592 0.8020000000000006
-0.015237098526231764 0.8040000000000006
-0.015399081257021718 0.8060000000000006
-0.015562365001307536 0.8080000000000006
-0.015726954425397822 0.8100000000000006
-0.01589285409802378 0.8120000000000006
-0.016060068489220605 0.8140000000000006
-0.01622860196923011 0.8160000000000006
-0.016398458807438832 0.8180000000000006
-0.016569643171336555 0.8200000000000006
-0.01674215912550702 0.8220000000000006
-0.016916010630641767 0.8240000000000006
-0.017091201542581355 0.8260000000000006
-0.017267735611381112 0.8280000000000006
-0.017445616480401605 0.8300000000000006
-0.01762484768542299 0.8320000000000006
-0.017805432653784273 0.8340000000000006
-0.01798737470354151 0.8360000000000006
-0.01817067704265366 0.8380000000000006
-0.018355342768184332 0.8400000000000006
-0.018541374865529828 0.8420000000000006
-0.018728776207662206 0.8440000000000006
-0.018917549554397485 0.8460000000000006
-0.0191076975516778 0.8480000000000006
-0.019299222730875608 0.8500000000000006
-0.01949212750811419 0.8520000000000006
-0.019686414183605696 0.8540000000000006
-0.019882084941005483 0.8560000000000006
-0.020079141846782764 0.8580000000000007
-0.020277586849607235 0.8600000000000007
-0.02047742177974895 0.8620000000000007
-0.0206786483484941 0.8640000000000007
-0.020881268147573667 0.8660000000000007
-0.02108528264860543 0.8680000000000007
-0.02129069320254891 0.8700000000000007
-0.021497501039171092 0.8720000000000007
-0.021705707266525813 0.8740000000000007
-0.021915312870442242 0.8760000000000007
-0.022126318714025723 0.8780000000000007
-0.022338725537166374 0.8800000000000007
-0.022552533956060924 0.8820000000000007
-0.022767744462741057 0.8840000000000007
-0.022984357424610337 0.8860000000000007
-0.023202373083991767 0.8880000000000007
-0.023421791557682956 0.8900000000000007
-0.023642612836516468 0.8920000000000007
-0.02386483678493153 0.8940000000000007
-0.024088463140550142 0.8960000000000007
-0.024313491513760332 0.8980000000000007
-0.024539921387307734 0.9000000000000007
-0.024767752115890412 0.9020000000000007
-0.024996982925762412 0.9040000000000007
-0.02522761291434306 0.9060000000000007
-0.0254596410498295 0.9080000000000007
-0.025693066170817305 0.9100000000000007
-0.025927886985925803 0.9120000000000007
-0.026164102073427224 0.9140000000000007
-0.026401709880883563 0.9160000000000007
-0.026640708724786348 0.9180000000000007
-0.02688109679020207 0.9200000000000007
-0.027122872130422394 0.9220000000000007
-0.02736603266662068 0.9240000000000007
-0.027610576187511116 0.9260000000000007
-0.027856500349014872 0.9280000000000007
-0.028103802673929854 0.9300000000000007
-0.02835248055160677 0.9320000000000007
-0.02860253123762862 0.9340000000000007
-0.028853951853498497 0.9360000000000007
-0.02910673938632824 0.9380000000000007
-0.029360890688537807 0.9400000000000007
-0.0296164024775548 0.9420000000000007
-0.029873271335525725 0.9440000000000007
-0.030131493709028206 0.9460000000000007
-0.030391065908791662 0.9480000000000007
-0.030651984109425868 0.9500000000000007
-0.030914244349152926 0.9520000000000007
-0.03117784252954845 0.9540000000000007
-0.03144277441529026 0.9560000000000007
-0.03170903563391275 0.9580000000000007
-0.03197662167557078 0.9600000000000007
-0.03224552789281059 0.9620000000000007
-0.03251574950035047 0.9640000000000007
-0.03278728157486874 0.9660000000000007
-0.03306011905480113 0.9680000000000007
-0.033334256740149316 0.9700000000000008
-0.03360968929229684 0.9720000000000008
-0.03388641123383735 0.9740000000000008
-0.03416441694841198 0.9760000000000008
-0.03444370068055931 0.9780000000000008
-0.034724256535574406 0.9800000000000008
-0.035006078479383126 0.9820000000000008
-0.03528916033842487 0.9840000000000008
-0.03557349579955221 0.9860000000000008
-0.03585907840993799 0.9880000000000008
-0.03614590157700374 0.9900000000000008
-0.036433958568353665 0.9920000000000008
-0.03672324251172993 0.9940000000000008
-0.03701374639497956 0.9960000000000008
-0.037305463066036285 0.9980000000000008
-0.037598385232920334 1.0000000000000007
-0.03789250546375338 1.0020000000000007
-0.03818781618678933 1.0040000000000007
-0.03848430969046434 1.0060000000000007
-0.03878197812346306 1.0080000000000007
-0.039080813494803024 1.0100000000000007
-0.03938080767393813 1.0120000000000007
-0.03968195239088116 1.0140000000000007
-0.039984239236346183 1.0160000000000007
-0.04028765966190903 1.0180000000000007
-0.04059220498019035 1.0200000000000007
-0.040897866365058884 1.0220000000000007
-0.04120463485185532 1.0240000000000007
-0.04151250133763839 1.0260000000000007
-0.0418214565814534 1.0280000000000007
-0.04213149120462312 1.0300000000000007
-0.04244259569106098 1.0320000000000007
-0.042754760387609246 1.0340000000000007
-0.043067975504399655 1.0360000000000007
-0.043382231115238534 1.0380000000000007
-0.04369751715801734 1.0400000000000007
-0.044013823435146995 1.0420000000000007
-0.044331139614019355 1.0440000000000007
-0.044649455227491704 1.0460000000000007
-0.044968759674401136 1.0480000000000007
-0.04528904222010164 1.0500000000000007
-0.045610291997030525 1.0520000000000007
-0.045932498005300866 1.0540000000000007
-0.04625564911332184 1.0560000000000007
-0.046579734058447606 1.0580000000000007
-0.04690474144765093 1.0600000000000007
-0.047230659758231236 1.0620000000000007
-0.04755747733854444 1.0640000000000007
-0.047885182408767164 1.0660000000000007
-0.04821376306168712 1.0680000000000007
-0.048543207263523486 1.0700000000000007
-0.04887350285477761 1.0720000000000007
-0.04920463755111326 1.0740000000000007
-0.04953659894426661 1.0760000000000007
-0.049869374502986216 1.0780000000000007
-0.05020295157400428 1.0800000000000007
-0.05053731738303804 1.0820000000000007
-0.05087245903582202 1.0840000000000007
-0.05120836351917012 1.0860000000000007
-0.05154501770207084 1.0880000000000007
-0.05188240833681143 1.0900000000000007
-0.05222052206013411 1.0920000000000007
-0.05255934539442447 1.0940000000000007
-0.052898864748928354 1.0960000000000008
-0.053239066421004025 1.0980000000000008
-0.053579936597401887 1.1000000000000008
-0.05392146135557839 1.1020000000000008
-0.05426362666504021 1.1040000000000008
-0.05460641838871949 1.1060000000000008
-0.05494982228438073 1.1080000000000008
-0.05529382400605972 1.1100000000000008
-0.05563840910553291 1.1120000000000008
-0.055983563033817324 1.1140000000000008
-0.056329271142703044 1.1160000000000008
-0.05667551868631668 1.1180000000000008
-0.05702229082271268 1.1200000000000008
-0.05736957261550041 1.1220000000000008
-0.05771734903549636 1.1240000000000008
-0.05806560496241177 1.1260000000000008
-0.058414325186566134 1.1280000000000008
-0.05876349441063382 1.1300000000000008
-0.0591130972514181 1.1320000000000008
-0.05946311824165676 1.1340000000000008
-0.059813541831856304 1.1360000000000008
-0.06016435239215377 1.1380000000000008
-0.06051553421420956 1.1400000000000008
-0.06086707151312698 1.1420000000000008
-0.06121894842940137 1.1440000000000008
-0.061571149030895445 1.1460000000000008
-0.061923657314843325 1.1480000000000008
-0.062276457209881314 1.1500000000000008
-0.06262953257810532 1.1520000000000008
-0.06298286721715457 1.1540000000000008
-0.06333644486232184 1.1560000000000008
-0.06369024918868843 1.1580000000000008
-0.06404426381328497 1.1600000000000008
-0.06439847229727673 1.1620000000000008
-0.06475285814817215 1.1640000000000008
-0.06510740482205685 1.1660000000000008
-0.06546209572585006 1.1680000000000008
-0.06581691421958288 1.1700000000000008
-0.06617184361870113 1.1720000000000008
-0.06652686719638624 1.1740000000000008
-0.06688196818590263 1.1760000000000008
-0.0672371297829599 1.1780000000000008
-0.0675923351480989 1.1800000000000008
-0.06794756740909698 1.1820000000000008
-0.06830280966339013 1.1840000000000008
-0.06865804498051484 1.1860000000000008
-0.06901325640456882 1.1880000000000008
-0.06936842695668535 1.1900000000000008
-0.06972353963752817 1.1920000000000008
-0.07007857742979798 1.1940000000000008
-0.07043352330075865 1.1960000000000008
-0.07078836020477315 1.1980000000000008
-0.07114307108585666 1.2000000000000008
-0.07149763888024147 1.2020000000000008
-0.07185204651895383 1.2040000000000008
-0.07220627693040349 1.2060000000000008
-0.0725603130429841 1.2080000000000009
-0.07291413778768226 1.2100000000000009
-0.07326773410069781 1.2120000000000009
-0.07362108492607286 1.2140000000000009
-0.07397417321832686 1.2160000000000009
-0.07432698194510122 1.2180000000000009
-0.07467949408980987 1.2200000000000009
-0.07503169265429319 1.2220000000000009
-0.07538356066148061 1.2240000000000009
-0.07573508115805425 1.2260000000000009
-0.07608623721711733 1.2280000000000009
-0.07643701194086515 1.2300000000000009
-0.07678738846325708 1.2320000000000009
-0.07713734995268957 1.2340000000000009
-0.07748687961467046 1.2360000000000009
-0.07783596069449032 1.2380000000000009
-0.07818457647989507 1.2400000000000009
-0.07853271030375353 1.2420000000000009
-0.07888034554672324 1.2440000000000009
-0.07922746563991288 1.2460000000000009
-0.07957405406753765 1.2480000000000009
-0.07992009436957095 1.2500000000000009
-0.080265570144389 1.252000000000001
-0.08061046505140876 1.254000000000001
-0.08095476281371464 1.256000000000001
-0.08129844722068076 1.258000000000001
-0.08164150213057961 1.260000000000001
-0.08198391147318322 1.262000000000001
-0.082325659252348 1.264000000000001
-0.08266672954859389 1.266000000000001
-0.083007106521664 1.268000000000001
-0.08334677441307456 1.270000000000001
-0.08368571754864775 1.272000000000001
-0.08402392034102912 1.274000000000001
-0.08436136729219063 1.276000000000001
-0.08469804299591284 1.278000000000001
-0.0850339321402521 1.280000000000001
-0.08536901950998796 1.282000000000001
-0.08570328998904926 1.284000000000001
-0.08603672856292285 1.286000000000001
-0.08636932032103785 1.288000000000001
-0.08670105045913015 1.290000000000001
-0.08703190428158294 1.292000000000001
-0.08736186720374456 1.294000000000001
-0.08769092475422027 1.296000000000001
-0.08801906257714161 1.298000000000001
-0.08834626643440699 1.300000000000001
-0.0886725222078986 1.302000000000001
-0.08899781590166936 1.304000000000001
-0.08932213364410393 1.306000000000001
-0.08964546169005078 1.308000000000001
-0.08996778642292258 1.310000000000001
-0.09028909435677074 1.312000000000001
-0.09060937213832491 1.314000000000001
-0.0909286065490041 1.316000000000001
-0.0912467845068943 1.318000000000001
-0.09156389306869445 1.320000000000001
-0.09187991943162792 1.322000000000001
-0.09219485093532168 1.324000000000001
-0.0925086750636491 1.326000000000001
-0.09282137944653972 1.328000000000001
-0.09313295186175233 1.330000000000001
-0.09344338023661161 1.332000000000001
-0.09375265264970875 1.334000000000001
-0.09406075733256561 1.336000000000001
-0.09436768267125827 1.338000000000001
-0.09467341720800698 1.340000000000001
-0.09497794964272237 1.342000000000001
-0.09528126883451662 1.344000000000001
-0.09558336380317353 1.346000000000001
-0.09588422373057767 1.348000000000001
-0.09618383796210442 1.350000000000001
-0.0964821960079695 1.352000000000001
-0.09677928754453619 1.354000000000001
-0.09707510241558162 1.356000000000001
-0.09736963063352119 1.358000000000001
-0.0976628623805913 1.360000000000001
-0.0979547880099887 1.362000000000001
-0.09824539804696812 1.364000000000001
-0.09853468318989539 1.366000000000001
-0.09882263431125976 1.368000000000001
-0.09910924245863939 1.370000000000001
-0.09939449885562682 1.372000000000001
-0.09967839490270708 1.374000000000001
-0.09996092217809525 1.376000000000001
-0.10024207243852559 1.378000000000001
-0.10052183762000064 1.380000000000001
-0.10080020983849304 1.382000000000001
-0.10107718139060323 1.384000000000001
-0.10135274475417363 1.386000000000001
-0.10162689258885649 1.388000000000001
-0.10189961773663853 1.390000000000001
-0.10217091322231903 1.392000000000001
-0.10244077225394538 1.394000000000001
-0.10270918822320149 1.396000000000001
-0.10297615470575308 1.398000000000001
-0.10324166546154753 1.400000000000001
-0.10350571443506945 1.402000000000001
-0.10376829575555105 1.404000000000001
-0.1040294037371393 1.406000000000001
-0.10428903287901671 1.408000000000001
-0.10454717786548008 1.410000000000001
-0.10480383356597472 1.412000000000001
-0.10505899503508281 1.414000000000001
-0.10531265751247092 1.416000000000001
-0.10556481642279276 1.418000000000001
-0.10581546737554731 1.420000000000001
-0.10606460616489728 1.422000000000001
-0.10631222876944135 1.424000000000001
-0.10655833135194638 1.426000000000001
-0.1068029102590359 1.428000000000001
-0.10704596202083788 1.430000000000001
-0.10728748335059024 1.432000000000001
-0.10752747114420469 1.434000000000001
-0.10776592247979201 1.436000000000001
-0.10800283461714338 1.438000000000001
-0.10823820499717467 1.440000000000001
-0.10847203124132883 1.442000000000001
-0.1087043111509409 1.444000000000001
-0.1089350427065626 1.446000000000001
-0.1091642240672491 1.448000000000001
-0.1093918535698078 1.450000000000001
-0.10961792972800957 1.452000000000001
-0.1098424512317633 1.454000000000001
-0.11006541694625277 1.456000000000001
-0.11028682591103897 1.458000000000001
-0.11050667733912567 1.460000000000001
-0.11072497061599093 1.462000000000001
-0.11094170529858308 1.464000000000001
-0.1111568811142836 1.466000000000001
-0.11137049795983658 1.468000000000001
-0.11158255590024443 1.470000000000001
-0.11179305516763297 1.472000000000001
-0.11200199616008272 1.474000000000001
-0.11220937944043184 1.476000000000001
-0.11241520573504551 1.478000000000001
-0.11261947593255772 1.480000000000001
-0.11282219108258337 1.482000000000001
-0.11302335239440062 1.484000000000001
-0.1132229612356066 1.486000000000001
-0.1134210191307452 1.488000000000001
-0.11361752775990752 1.490000000000001
-0.1138124889573075 1.492000000000001
-0.11400590470983077 1.494000000000001
-0.11419777715556004 1.496000000000001
-0.11438810858227497 1.498000000000001
-0.11457690142592977 1.500000000000001
-0.11476415826910705 1.5020000000000011
-0.11494988183945064 1.5040000000000011
-0.1151340750080755 1.5060000000000011
-0.11531674078795812 1.5080000000000011
-0.11549788233230611 1.5100000000000011
-0.11567750293290906 1.5120000000000011
-0.11585560601846948 1.5140000000000011
-0.11603219515291698 1.5160000000000011
-0.11620727403370355 1.5180000000000011
-0.11638084649008448 1.5200000000000011
-0.1165529164813805 1.5220000000000011
-0.11672348809522617 1.5240000000000011
-0.116892565545804 1.5260000000000011
-0.11706015317206306 1.5280000000000011
-0.11722625543592553 1.5300000000000011
-0.11739087692048034 1.5320000000000011
-0.11755402232816467 1.5340000000000011
-0.11771569647893362 1.5360000000000011
-0.11787590430842106 1.5380000000000011
-0.11803465086608853 1.5400000000000011
-0.11819194131336558 1.5420000000000011
-0.1183477809217823 1.5440000000000011
-0.11850217507109223 1.5460000000000012
-0.11865512924738998 1.5480000000000012
-0.11880664904122011 1.5500000000000012
-0.11895674014568136 1.5520000000000012
-0.11910540835452493 1.5540000000000012
-0.11925265956024833 1.5560000000000012
-0.11939849975218461 1.5580000000000012
-0.11954293501458885 1.5600000000000012
-0.11968597152472045 1.5620000000000012
-0.11982761555092453 1.5640000000000012
-0.11996787345071061 1.5660000000000012
-0.12010675166883153 1.5680000000000012
-0.12024425673535932 1.5700000000000012
-0.1203803952637642 1.5720000000000012
-0.12051517394899215 1.5740000000000012
-0.12064859956554398 1.5760000000000012
-0.1207806789655573 1.5780000000000012
-0.1209114190768894 1.5800000000000012
-0.12104082690120388 1.5820000000000012
-0.12116890951205997 1.5840000000000012
-0.12129567405300676 1.5860000000000012
-0.12142112773568121 1.5880000000000012
-0.12154527783791089 1.5900000000000012
-0.12166813170182263 1.5920000000000012
-0.12178969673195728 1.5940000000000012
-0.12190998039339035 1.5960000000000012
-0.12202899020985974 1.5980000000000012
-0.12214673376190134 1.6000000000000012
-0.12226321868499226 1.6020000000000012
-0.12237845266770093 1.6040000000000012
-0.12249244344984882 1.6060000000000012
-0.12260519882067851 1.6080000000000012
-0.12271672661703259 1.6100000000000012
-0.12282703472154348 1.6120000000000012
-0.12293613106083115 1.6140000000000012
-0.12304402360371416 1.6160000000000012
-0.12315072035943009 1.6180000000000012
-0.12325622937586933 1.6200000000000012
-0.12336055873781775 1.6220000000000012
-0.12346371656521543 1.6240000000000012
-0.12356571101142562 1.6260000000000012
-0.12366655026151614 1.6280000000000012
-0.12376624253055676 1.6300000000000012
-0.12386479606192699 1.6320000000000012
-0.12396221912563973 1.6340000000000012
-0.12405852001667919 1.6360000000000012
-0.12415370705335205 1.6380000000000012
-0.12424778857565416 1.6400000000000012
-0.12434077294365242 1.6420000000000012
-0.12443266853588214 1.6440000000000012
-0.12452348374775793 1.6460000000000012
-0.12461322699000377 1.6480000000000012
-0.12470190668709688 1.6500000000000012
-0.12478953127572737 1.6520000000000012
-0.1248761092032763 1.6540000000000012
-0.12496164892630868 1.6560000000000012
-0.12504615890908446 1.6580000000000013
-0.12512964762208573 1.6600000000000013
-0.12521212354056202 1.6620000000000013
-0.12529359514309218 1.6640000000000013
-0.12537407091016442 1.6660000000000013
-0.12545355932277363 1.6680000000000013
-0.12553206886103654 1.6700000000000013
-0.125609608002826 1.6720000000000013
-0.12568618522242211 1.6740000000000013
-0.1257618089891812 1.6760000000000013
-0.1258364877662257 1.6780000000000013
-0.12591023000914872 1.6800000000000013
-0.1259830441647415 1.6820000000000013
-0.1260549386697355 1.6840000000000013
-0.1261259219495658 1.6860000000000013
-0.12619600241715276 1.6880000000000013
-0.12626518847170215 1.6900000000000013
-0.12633348849752427 1.6920000000000013
-0.1264009108628725 1.6940000000000013
-0.12646746391880082 1.6960000000000013
-0.1265331559980401 1.6980000000000013
-0.12659799541389327 1.7000000000000013
-0.1266619904591511 1.7020000000000013
-0.12672514940502533 1.7040000000000013
-0.12678748050010172 1.7060000000000013
-0.12684899196931315 1.7080000000000013
-0.12690969201293 1.7100000000000013
-0.12696958880557216 1.7120000000000013
-0.12702869049523766 1.7140000000000013
-0.1270870052023525 1.7160000000000013
-0.12714454101883882 1.7180000000000013
-0.1272013060072015 1.7200000000000013
-0.12725730819963574 1.7220000000000013
-0.12731255559715146 1.7240000000000013
-0.12736705616871807 1.7260000000000013
-0.12742081785042841 1.7280000000000013
-0.1274738485446803 1.7300000000000013
-0.1275261561193779 1.7320000000000013
-0.12757774840715214 1.7340000000000013
-0.12762863320459872 1.7360000000000013
-0.12767881827153582 1.7380000000000013
-0.12772831133028006 1.7400000000000013
-0.1277771200649404 1.7420000000000013
-0.1278252521207313 1.7440000000000013
-0.12787271510330386 1.7460000000000013
-0.12791951657809503 1.7480000000000013
-0.12796566406969487 1.7500000000000013
-0.12801116506123253 1.7520000000000013
-0.128056026993779 1.7540000000000013
-0.12810025726576912 1.7560000000000013
-0.1281438632324402 1.7580000000000013
-0.1281868522052882 1.7600000000000013
-0.1282292314515424 1.7620000000000013
-0.1282710081936566 1.7640000000000013
-0.12831218960881785 1.7660000000000013
-0.12835278282847204 1.7680000000000013
-0.1283927949378668 1.7700000000000014
-0.1284322329756114 1.7720000000000014
-0.12847110393325248 1.7740000000000014
-0.1285094147548682 1.7760000000000014
-0.12854717233667623 1.7780000000000014
-0.12858438352666104 1.7800000000000014
-0.12862105512421435 1.7820000000000014
-0.12865719387979435 1.7840000000000014
-0.12869280649459858 1.7860000000000014
-0.12872789962025447 1.7880000000000014
-0.12876247985852388 1.7900000000000014
-0.12879655376102392 1.7920000000000014
-0.12883012782896308 1.7940000000000014
-0.12886320851289151 1.7960000000000014
-0.12889580221246832 1.7980000000000014
-0.12892791527624112 1.8000000000000014
-0.12895955400144246 1.8020000000000014
-0.12899072463379901 1.8040000000000014
-0.12902143336735636 1.8060000000000014
-0.12905168634431763 1.8080000000000014
-0.1290814896548949 1.8100000000000014
-0.12911084933717695 1.8120000000000014
-0.12913977137700766 1.8140000000000014
-0.129168261707881 1.8160000000000014
-0.1291963262108458 1.8180000000000014
-0.12922397071442773 1.8200000000000014
-0.1292512009945604 1.8220000000000014
-0.12927802277453207 1.8240000000000014
-0.1293044417249434 1.8260000000000014
-0.12933046346367805 1.8280000000000014
-0.12935609355588593 1.8300000000000014
-0.12938133751397854 1.8320000000000014
-0.12940620079763482 1.8340000000000014
-0.12943068881382097 1.8360000000000014
-0.12945480691681968 1.8380000000000014
-0.12947856040827302 1.8400000000000014
-0.12950195453723382 1.8420000000000014
-0.12952499450023003 1.8440000000000014
-0.12954768544133932 1.8460000000000014
-0.12957003245227466 1.8480000000000014
-0.12959204057247914 1.8500000000000014
-0.12961371478923228 1.8520000000000014
-0.1296350600377662 1.8540000000000014
-0.12965608120139138 1.8560000000000014
-0.12967678311163172 1.8580000000000014
-0.1296971705483706 1.8600000000000014
-0.1297172482400045 1.8620000000000014
-0.12973702086360667 1.8640000000000014
-0.12975649304509934 1.8660000000000014
-0.1297756693594355 1.8680000000000014
-0.12979455433078843 1.8700000000000014
-0.12981315243274905 1.8720000000000014
-0.12983146808853355 1.8740000000000014
-0.12984950567119635 1.8760000000000014
-0.1298672695038527 1.8780000000000014
-0.1298847638599081 1.8800000000000014
-0.12990199296329577 1.8820000000000014
-0.1299189609887198 1.8840000000000015
-0.12993567206190693 1.8860000000000015
-0.12995213025986466 1.8880000000000015
-0.1299683396111453 1.8900000000000015
-0.1299843040961169 1.8920000000000015
-0.1300000276472404 1.8940000000000015
-0.13001551414935325 1.8960000000000015
-0.13003076743995684 1.8980000000000015
-0.13004579130951285 1.9000000000000015
-0.1300605895017414 1.9020000000000015
-0.1300751657139267 1.9040000000000015
-0.13008952359722697 1.9060000000000015
-0.13010366675698923 1.9080000000000015
-0.13011759875306803 1.9100000000000015
-0.13013132310014963 1.9120000000000015
-0.1301448432680792 1.9140000000000015
-0.13015816268219252 1.9160000000000015
-0.1301712847236518 1.9180000000000015
-0.13018421272978348 1.9200000000000015
-0.1301969499944213 1.9220000000000015
-0.13020949976825086 1.9240000000000015
-0.13022186525915774 1.9260000000000015
-0.13023404963257784 1.9280000000000015
-0.1302460560118509 1.9300000000000015
-0.1302578874785753 1.9320000000000015
-0.13026954707296537 1.9340000000000015
-0.1302810377942099 1.9360000000000015
-0.13029236260083327 1.9380000000000015
-0.13030352441105636 1.9400000000000015
-0.13031452610315974 1.9420000000000015
-0.13032537051584725 1.9440000000000015
-0.13033606044860988 1.9460000000000015
-0.13034659866209067 1.9480000000000015
-0.13035698787844902 1.9500000000000015
-0.1303672307817259 1.9520000000000015
-0.13037733001820714 1.9540000000000015
-0.1303872881967883 1.9560000000000015
-0.13039710788933606 1.9580000000000015
-0.1304067916310519 1.9600000000000015
-0.1304163419208308 1.9620000000000015
-0.1304257612216212 1.9640000000000015
-0.13043505196078198 1.9660000000000015
-0.13044421653043753 1.9680000000000015
-0.13045325728783064 1.9700000000000015
-0.13046217655567288 1.9720000000000015
-0.1304709766224919 1.9740000000000015
-0.13047965974297604 1.9760000000000015
-0.13048822813831532 1.9780000000000015
-0.13049668399653902 1.9800000000000015
-0.13050502947284953 1.9820000000000015
-0.13051326668995195 1.9840000000000015
-0.13052139773837873 1.9860000000000015
-0.13052942467681145 1.9880000000000015
-0.1305373495323952 1.9900000000000015
-0.13054517430105017 1.9920000000000015
-0.13055290094777572 1.9940000000000015
-0.1305605314069501 1.9960000000000016
-0.13056806758262401 1.9980000000000016
-0.13057551134880688 2.0000000000000013
-0.13058286454974782 2.002000000000001
-0.13059012744371137 2.004000000000001
-0.13059730031411904 2.0060000000000007
-0.13060438347594988 2.0080000000000005
-0.1306113772737838 2.0100000000000002
-0.13061828207996706 2.012
-0.13062509829289898 2.014
-0.1306318263354238 2.0159999999999996
-0.1306384666533272 2.0179999999999993
-0.1306450197139274 2.019999999999999
-0.13065148600475346 2.021999999999999
-0.13065786603230947 2.0239999999999987
-0.13066416032091283 2.0259999999999985
-0.13067036941160584 2.0279999999999982
-0.13067649386113434 2.029999999999998
-0.13068253424098702 2.031999999999998
-0.1306884911364934 2.0339999999999976
-0.13069436514597527 2.0359999999999974
-0.1307001568799468 2.037999999999997
-0.13070586696036077 2.039999999999997
-0.130711496019898 2.0419999999999967
-0.13071704470129478 2.0439999999999965
-0.13072251365670673 2.0459999999999963
-0.13072790354710737 2.047999999999996
-0.13073321504171595 2.049999999999996
-0.13073844881745356 2.0519999999999956
-0.13074360555842746 2.0539999999999954
-0.130748685955437 2.055999999999995
-0.1307536907055037 2.057999999999995
-0.13075862051141962 2.0599999999999947
-0.13076347608131772 2.0619999999999945
-0.13076825812825565 2.0639999999999943
-0.13077296736981844 2.065999999999994
-0.13077760452773396 2.067999999999994
-0.13078217032750344 2.0699999999999936
-0.1307866654980428 2.0719999999999934
-0.1307910907713362 2.073999999999993
-0.13079544688210049 2.075999999999993
-0.13079973456745886 2.0779999999999927
-0.1308039545666238 2.0799999999999925
-0.1308081076205887 2.0819999999999923
-0.13081219447182618 2.083999999999992
-0.13081621586399583 2.085999999999992
-0.1308201725416575 2.0879999999999916
-0.1308240652499905 2.0899999999999914
-0.13082789473452025 2.091999999999991
-0.13083166174085042 2.093999999999991
-0.13083536701440027 2.0959999999999908
-0.13083901130014772 2.0979999999999905
-0.13084259534237702 2.0999999999999903
-0.13084611988443257 2.10199999999999
-0.13084958566847632 2.10399999999999
-0.13085299343525048 2.1059999999999897
-0.13085634392384538 2.1079999999999894
-0.13085963787147115 2.109999999999989
-0.1308628760132347 2.111999999999989
-0.13086605908192067 2.1139999999999888
-0.13086918780777745 2.1159999999999886
-0.13087226291830742 2.1179999999999883
-0.13087528513806151 2.119999999999988
-0.1308782551884396 2.121999999999988
-0.13088117378749345 2.1239999999999877
-0.13088404164973663 2.1259999999999875
-0.13088685948595735 2.1279999999999872
-0.13088962800303647 2.129999999999987
-0.1308923479037714 2.131999999999987
-0.13089501988670327 2.1339999999999866
-0.13089764464594947 2.1359999999999864
-0.13090022287104222 2.137999999999986
-0.13090275524677045 2.139999999999986
-0.13090524245302762 2.1419999999999857
-0.1309076851646651 2.1439999999999855
-0.13091008405134913 2.1459999999999853
-0.13091243977742484 2.147999999999985
-0.13091475300178382 2.149999999999985
-0.13091702437773803 2.1519999999999846
-0.13091925455289832 2.1539999999999844
-0.13092144416905846 2.155999999999984
-0.13092359386208466 2.157999999999984
-0.13092570426181016 2.1599999999999837
-0.130927775991935 2.1619999999999835
-0.1309298096699309 2.1639999999999833
-0.13093180590695308 2.165999999999983
-0.1309337653077549 2.167999999999983
-0.13093568847060913 2.1699999999999826
-0.1309375759872352 2.1719999999999824
-0.1309394284427299 2.173999999999982
-0.13094124641550503 2.175999999999982
-0.13094303047722855 2.1779999999999817
-0.13094478119277236 2.1799999999999815
-0.13094649912016426 2.1819999999999813
-0.13094818481054588 2.183999999999981
-0.13094983880813335 2.185999999999981
-0.13095146165018626 2.1879999999999806
-0.1309530538669779 2.1899999999999804
-0.1309546159817736 2.19199999999998
-0.13095614851081078 2.19399999999998
-0.13095765196328557 2.1959999999999797
-0.13095912684134348 2.1979999999999795
-0.13096057364007438 2.1999999999999793
-0.13096199284751092 2.201999999999979
-0.1309633849446335 2.203999999999979
-0.130964750405377 2.2059999999999786
-0.13096608969664275 2.2079999999999784
-0.13096740327831466 2.209999999999978
-0.13096869160327806 2.211999999999978
-0.130969955117444 2.2139999999999778
-0.13097119425977505 2.2159999999999775
-0.1309724094623164 2.2179999999999773
-0.1309736011502301 2.219999999999977
-0.13097476974183098 2.221999999999977
-0.13097591564862837 2.2239999999999767
-0.1309770392753685 2.2259999999999764
-0.13097814102008098 2.227999999999976
-0.13097922127412834 2.229999999999976
-0.13098028042225737 2.231999999999976
-0.13098131884265404 2.2339999999999756
-0.13098233690700006 2.2359999999999753
-0.13098333498053188 2.237999999999975
-0.13098431342210334 2.239999999999975
-0.1309852725842476 2.2419999999999747
-0.13098621281324407 2.2439999999999745
-0.13098713444918533 2.2459999999999742
-0.1309880378260467 2.247999999999974
-0.13098892327175693 2.249999999999974
-0.13098979110827036 2.2519999999999736
-0.130990641651642 2.2539999999999734
-0.13099147521210142 2.255999999999973
-0.13099229209413035 2.257999999999973
-0.13099309259653924 2.2599999999999727
-0.13099387701254667 2.2619999999999725
-0.13099464562985857 2.2639999999999723
-0.1309953987307488 2.265999999999972
-0.13099613659213954 2.267999999999972
-0.13099685948568363 2.2699999999999716
-0.13099756767784676 2.2719999999999714
-0.13099826142998933 2.273999999999971
-0.1309989409984503 2.275999999999971
-0.13099960663463012 2.2779999999999707
-0.13100025858507416 2.2799999999999705
-0.13100089709155577 2.2819999999999703
-0.13100152239116047 2.28399999999997
-0.13100213471636923 2.28599999999997
-0.13100273429514164 2.2879999999999696
-0.13100332135099874 2.2899999999999694
-0.13100389610310667 2.291999999999969
-0.13100445876635847 2.293999999999969
-0.13100500955145628 2.2959999999999687
-0.13100554866499362 2.2979999999999685
-0.13100607630953542 2.2999999999999683
-0.13100659268369969 2.301999999999968
-0.13100709798223653 2.303999999999968
-0.1310075923961077 2.3059999999999676
-0.13100807611256512 2.3079999999999674
-0.13100854931522887 2.309999999999967
-0.1310090121841634 2.311999999999967
-0.13100946489595408 2.3139999999999668
-0.13100990762378256 2.3159999999999665
-0.13101034053750021 2.3179999999999663
-0.1310107638037021 2.319999999999966
-0.1310111775857989 2.321999999999966
-0.13101158204408825 2.3239999999999656
-0.13101197733582423 2.3259999999999654
-0.13101236361528823 2.327999999999965
-0.13101274103385485 2.329999999999965
-0.13101310974006006 2.3319999999999648
-0.13101346987966672 2.3339999999999645
-0.13101382159572883 2.3359999999999643
-0.13101416502865557 2.337999999999964
-0.13101450031627265 2.339999999999964
-0.1310148275938845 2.3419999999999637
-0.1310151469943333 2.3439999999999634
-0.13101545864805753 2.3459999999999632
-0.1310157626831508 2.347999999999963
-0.1310160592254157 2.349999999999963
-0.1310163483984213 2.3519999999999626
-0.13101663032355604 2.3539999999999623
-0.1310169051200791 2.355999999999962
-0.1310171729051739 2.357999999999962
-0.13101743379399683 2.3599999999999617
-0.13101768789972687 2.3619999999999615
-0.13101793533361347 2.3639999999999612
-0.13101817620502249 2.365999999999961
-0.13101841062148226 2.367999999999961
-0.1310186386887277 2.3699999999999606
-0.13101886051074352 2.3719999999999604
-0.1310190761898059 2.37399999999996
-0.13101928582652358 2.37599999999996
-0.1310194895198774 2.3779999999999597
-0.13101968736725927 2.3799999999999595
-0.13101987946450877 2.3819999999999593
-0.13102006590595117 2.383999999999959
-0.13102024678443158 2.385999999999959
-0.1310204221913489 2.3879999999999586
-0.13102059221669093 2.3899999999999584
-0.13102075694906473 2.391999999999958
-0.1310209164757296 2.393999999999958
-0.13102107088262627 2.3959999999999577
-0.13102122025440657 2.3979999999999575
-0.13102136467446238 2.3999999999999573
-0.13102150422495268 2.401999999999957
-0.13102163898683072 2.403999999999957
-0.13102176903986923 2.4059999999999566
-0.1310218944626857 2.4079999999999564
-0.13102201533276664 2.409999999999956
-0.13102213172649113 2.411999999999956
-0.13102224371915216 2.4139999999999557
-0.1310223513849802 2.4159999999999555
-0.13102245479716257 2.4179999999999553
-0.13102255402786478 2.419999999999955
-0.13102264914824976 2.421999999999955
-0.13102274022849675 2.4239999999999546
-0.13102282733781973 2.4259999999999544
-0.1310229105444847 2.427999999999954
-0.13102298991582692 2.429999999999954
-0.13102306551826776 2.4319999999999538
-0.13102313741732924 2.4339999999999535
-0.13102320567765025 2.4359999999999533
-0.13102327036300138 2.437999999999953
-0.13102333153629825 2.439999999999953
-0.13102338925961599 2.4419999999999527
-0.13102344359420187 2.4439999999999524
-0.1310234946004883 2.445999999999952
-0.13102354233810504 2.447999999999952
-0.13102358686589083 2.4499999999999518
-0.13102362824190522 2.4519999999999516
-0.13102366652343928 2.4539999999999513
-0.13102370176702616 2.455999999999951
-0.13102373402845158 2.457999999999951
-0.1310237633627639 2.4599999999999507
-0.1310237898242829 2.4619999999999505
-0.13102381346661024 2.4639999999999502
-0.13102383434263754 2.46599999999995
-0.13102385250455523 2.46799999999995
-0.13102386800386134 2.4699999999999496
-0.1310238808913693 2.4719999999999493
-0.13102389121721567 2.473999999999949
-0.13102389903086833 2.475999999999949
-0.13102390438113337 2.4779999999999487
-0.13102390731616304 2.4799999999999485
-0.13102390788346188 2.4819999999999482
-0.13102390612989417 2.483999999999948
-0.13102390210169026 2.485999999999948
-0.1310238958444537 2.4879999999999476
-0.13102388740316676 2.4899999999999474
-0.13102387682219716 2.491999999999947
-0.1310238641453041 2.493999999999947
-0.13102384941564404 2.4959999999999467
-0.1310238326757765 2.4979999999999465
-0.13102381396766993 2.4999999999999463
-0.13102379333270736 2.501999999999946
-0.13102377081169156 2.503999999999946
-0.13102374644485118 2.5059999999999456
-0.13102372027184514 2.5079999999999454
-0.1310236923317684 2.509999999999945
-0.13102366266315776 2.511999999999945
-0.1310236313039958 2.5139999999999447
-0.13102359829171717 2.5159999999999445
-0.1310235636632121 2.5179999999999443
-0.13102352745483334 2.519999999999944
-0.13102348970239935 2.521999999999944
-0.13102345044120056 2.5239999999999436
-0.13102340970600318 2.5259999999999434
-0.13102336753105476 2.527999999999943
-0.13102332395008856 2.529999999999943
-0.13102327899632848 2.5319999999999427
-0.1310232327024945 2.5339999999999425
-0.13102318510080596 2.5359999999999423
-0.13102313622298792 2.537999999999942
-0.13102308610027466 2.539999999999942
-0.1310230347634151 2.5419999999999416
-0.13102298224267742 2.5439999999999414
-0.13102292856785352 2.545999999999941
-0.1310228737682639 2.547999999999941
-0.13102281787276235 2.5499999999999408
-0.13102276090974044 2.5519999999999405
-0.1310227029071328 2.5539999999999403
-0.13102264389242088 2.55599999999994
-0.1310225838926384 2.55799999999994
-0.13102252293437602 2.5599999999999397
-0.13102246104378562 2.5619999999999394
-0.13102239824658518 2.563999999999939
-0.13102233456806334 2.565999999999939
-0.1310222700330847 2.5679999999999388
-0.13102220466609366 2.5699999999999386
-0.13102213849111954 2.5719999999999383
-0.13102207153178153 2.573999999999938
-0.1310220038112928 2.575999999999938
-0.13102193535246556 2.5779999999999377
-0.1310218661777158 2.5799999999999375
-0.13102179630906796 2.5819999999999372
-0.13102172576815932 2.583999999999937
-0.13102165457624487 2.585999999999937
-0.13102158275420223 2.5879999999999366
-0.13102151032253612 2.5899999999999364
-0.1310214373013827 2.591999999999936
-0.13102136371051484 2.593999999999936
-0.1310212895693463 2.5959999999999357
-0.13102121489693686 2.5979999999999355
-0.13102113971199603 2.5999999999999353
-0.13102106403288913 2.601999999999935
-0.1310209878776406 2.603999999999935
-0.13102091126393867 2.6059999999999346
-0.13102083420914096 2.6079999999999344
-0.13102075673027833 2.609999999999934
-0.13102067884405882 2.611999999999934
-0.13102060056687398 2.6139999999999337
-0.1310205219148012 2.6159999999999335
-0.13102044290360945 2.6179999999999333
-0.1310203635487642 2.619999999999933
-0.13102028386543035 2.621999999999933
-0.13102020386847807 2.6239999999999326
-0.1310201235724865 2.6259999999999324
-0.13102004299174785 2.627999999999932
-0.13101996214027267 2.629999999999932
-0.13101988103179313 2.6319999999999317
-0.13101979967976812 2.6339999999999315
-0.13101971809738672 2.6359999999999313
-0.1310196362975734 2.637999999999931
-0.13101955429299134 2.639999999999931
-0.1310194720960467 2.6419999999999306
-0.13101938971889313 2.6439999999999304
-0.13101930717343557 2.64599999999993
-0.13101922447133474 2.64799999999993
-0.13101914162401002 2.6499999999999297
-0.13101905864264457 2.6519999999999295
-0.13101897553818892 2.6539999999999293
-0.1310188923213649 2.655999999999929
-0.13101880900266868 2.657999999999929
-0.13101872559237626 2.6599999999999286
-0.13101864210054553 2.6619999999999284
-0.131018558537021 2.663999999999928
-0.1310184749114373 2.665999999999928
-0.13101839123322237 2.6679999999999278
-0.13101830751160176 2.6699999999999275
-0.1310182237556018 2.6719999999999273
-0.1310181399740532 2.673999999999927
-0.131018056175594 2.675999999999927
-0.13101797236867435 2.6779999999999267
-0.13101788856155816 2.6799999999999264
-0.1310178047623277 2.681999999999926
-0.13101772097888642 2.683999999999926
-0.13101763721896217 2.685999999999926
-0.1310175534901106 2.6879999999999256
-0.13101746979971804 2.6899999999999253
-0.13101738615500497 2.691999999999925
-0.13101730256302835 2.693999999999925
-0.13101721903068592 2.6959999999999247
-0.13101713556471775 2.6979999999999245
-0.1310170521717098 2.6999999999999242
-0.13101696885809747 2.701999999999924
-0.1310168856301671 2.703999999999924
-0.1310168024940597 2.7059999999999236
-0.13101671945577342 2.7079999999999234
-0.1310166365211661 2.709999999999923
-0.1310165536959583 2.711999999999923
-0.13101647098573552 2.7139999999999227
-0.13101638839595103 2.7159999999999225
-0.1310163059319281 2.7179999999999223
-0.13101622359886295 2.719999999999922
-0.13101614140182652 2.721999999999922
-0.13101605934576782 2.7239999999999216
-0.13101597743551507 2.7259999999999214
-0.13101589567577893 2.727999999999921
-0.1310158140711546 2.729999999999921
-0.13101573262612382 2.7319999999999207
-0.13101565134505688 2.7339999999999205
-0.1310155702322155 2.7359999999999203
-0.13101548929175413 2.73799999999992
-0.13101540852772248 2.73999999999992
-0.1310153279440675 2.7419999999999196
-0.13101524754463514 2.7439999999999194
-0.13101516733317228 2.745999999999919
-0.13101508731332934 2.747999999999919
-0.131015007488661 2.7499999999999187
-0.1310149278626292 2.7519999999999185
-0.131014848438604 2.7539999999999183
-0.13101476921986582 2.755999999999918
-0.13101469020960732 2.757999999999918
-0.13101461141093446 2.7599999999999176
-0.13101453282686898 2.7619999999999174
-0.1310144544603495 2.763999999999917
-0.13101437631423313 2.765999999999917
-0.1310142983912971 2.7679999999999167
-0.13101422069424068 2.7699999999999165
-0.13101414322568605 2.7719999999999163
-0.13101406598818008 2.773999999999916
-0.1310139889841958 2.775999999999916
-0.13101391221613362 2.7779999999999156
-0.1310138356863233 2.7799999999999154
-0.13101375939702462 2.781999999999915
-0.1310136833504289 2.783999999999915
-0.13101360754866023 2.7859999999999148
-0.13101353199377708 2.7879999999999145
-0.13101345668777367 2.7899999999999143
-0.13101338163258036 2.791999999999914
-0.13101330683006526 2.793999999999914
-0.1310132322820363 2.7959999999999137
-0.13101315799024055 2.7979999999999134
-0.13101308395636735 2.7999999999999132
-0.1310130101820478 2.801999999999913
-0.13101293666885674 2.803999999999913
-0.13101286341831347 2.8059999999999126
-0.13101279043188313 2.8079999999999123
-0.1310127177109772 2.809999999999912
-0.13101264525695494 2.811999999999912
-0.13101257307112396 2.8139999999999117
-0.13101250115474178 2.8159999999999115
-0.13101242950901598 2.8179999999999112
-0.13101235813510612 2.819999999999911
-0.13101228703412354 2.821999999999911
-0.13101221620713283 2.8239999999999106
-0.13101214565515326 2.8259999999999104
-0.13101207537915793 2.82799999999991
-0.1310120053800769 2.82999999999991
-0.13101193565879599 2.8319999999999097
-0.13101186621615873 2.8339999999999095
-0.13101179705296664 2.8359999999999093
-0.1310117281699804 2.837999999999909
-0.13101165956792013 2.839999999999909
-0.13101159124746647 2.8419999999999086
-0.13101152320926157 2.8439999999999084
-0.13101145545390896 2.845999999999908
-0.13101138798197523 2.847999999999908
-0.13101132079398992 2.8499999999999077
-0.13101125389044668 2.8519999999999075
-0.13101118727180372 2.8539999999999073
-0.13101112093848485 2.855999999999907
-0.13101105489087944 2.857999999999907
-0.13101098912934347 2.8599999999999066
-0.13101092365420053 2.8619999999999064
-0.13101085846574145 2.863999999999906
-0.13101079356422604 2.865999999999906
-0.1310107289498825 2.8679999999999057
-0.13101066462290914 2.8699999999999055
-0.13101060058347416 2.8719999999999053
-0.13101053683171623 2.873999999999905
-0.13101047336774596 2.875999999999905
-0.1310104101916454 2.8779999999999046
-0.13101034730346847 2.8799999999999044
-0.13101028470324305 2.881999999999904
-0.131010222390969 2.883999999999904
-0.1310101603666215 2.8859999999999038
-0.1310100986301491 2.8879999999999035
-0.13101003718147597 2.8899999999999033
-0.13100997602050082 2.891999999999903
-0.13100991514709898 2.893999999999903
-0.13100985456112194 2.8959999999999027
-0.13100979426239767 2.8979999999999024
-0.13100973425073162 2.899999999999902
-0.1310096745259069 2.901999999999902
-0.13100961508768483 2.9039999999999018
-0.13100955593580493 2.9059999999999016
-0.13100949706998655 2.9079999999999013
-0.13100943848992747 2.909999999999901
-0.1310093801953061 2.911999999999901
-0.13100932218578062 2.9139999999999007
-0.13100926446099015 2.9159999999999004
-0.13100920702055485 2.9179999999999002
-0.13100914986407625 2.9199999999999
-0.13100909299113758 2.9219999999999
-0.13100903640130468 2.9239999999998996
-0.1310089800941258 2.9259999999998993
-0.131008924069132 2.927999999999899
-0.13100886832583775 2.929999999999899
-0.1310088128637418 2.9319999999998987
-0.1310087576823259 2.9339999999998985
-0.13100870278105717 2.9359999999998982
-0.13100864815938695 2.937999999999898
-0.13100859381675195 2.939999999999898
-0.13100853975257404 2.9419999999998976
-0.13100848596626113 2.9439999999998974
-0.13100843245720734 2.945999999999897
-0.13100837922479253 2.947999999999897
-0.1310083262683841 2.9499999999998967
-0.1310082735873359 2.9519999999998965
-0.1310082211809896 2.9539999999998963
-0.1310081690486742 2.955999999999896
-0.13100811718970698 2.957999999999896
-0.13100806560339293 2.9599999999998956
-0.13100801428902611 2.9619999999998954
-0.13100796324588918 2.963999999999895
-0.13100791247325422 2.965999999999895
-0.131007861970382 2.9679999999998947
-0.13100781173652384 2.9699999999998945
-0.13100776177092036 2.9719999999998943
-0.13100771207280276 2.973999999999894
-0.13100766264139244 2.975999999999894
-0.13100761347590165 2.9779999999998936
-0.13100756457553378 2.9799999999998934
-0.13100751593948326 2.981999999999893
-0.13100746756693593 2.983999999999893
-0.1310074194570697 2.9859999999998927
-0.13100737160905415 2.9879999999998925
-0.13100732402205112 2.9899999999998923
-0.13100727669521514 2.991999999999892
-0.13100722962769287 2.993999999999892
-0.13100718281862456 2.9959999999998916
-0.131007136267143 2.9979999999998914
-0.13100708997237462 2.999999999999891
-0.1310070439334394 3.001999999999891
-0.13100699814945088 3.0039999999998908
-0.13100695261951686 3.0059999999998905
-0.13100690734273907 3.0079999999998903
-0.13100686231821373 3.00999999999989
-0.1310068175450317 3.01199999999989
-0.1310067730222786 3.0139999999998897
-0.13100672874903485 3.0159999999998894
-0.13100668472437632 3.017999999999889
-0.1310066409473739 3.019999999999889
-0.13100659741709436 3.0219999999998888
-0.13100655413259985 3.0239999999998886
-0.13100651109294867 3.0259999999998883
-0.13100646829719503 3.027999999999888
-0.13100642574438934 3.029999999999888
-0.13100638343357862 3.0319999999998877
-0.1310063413638063 3.0339999999998875
-0.1310062995341123 3.0359999999998872
-0.1310062579435341 3.037999999999887
-0.1310062165911055 3.039999999999887
-0.13100617547585794 3.0419999999998866
-0.1310061345968199 3.0439999999998864
-0.13100609395301793 3.045999999999886
-0.1310060535434753 3.047999999999886
-0.131006013367214 3.0499999999998857
-0.13100597342325335 3.0519999999998855
-0.131005933710611 3.0539999999998853
-0.13100589422830267 3.055999999999885
-0.13100585497534234 3.057999999999885
-0.1310058159507429 3.0599999999998846
-0.13100577715351525 3.0619999999998844
-0.13100573858266912 3.063999999999884
-0.13100570023721358 3.065999999999884
-0.131005662116156 3.0679999999998837
-0.1310056242185032 3.0699999999998835
-0.13100558654326117 3.0719999999998833
-0.13100554908943504 3.073999999999883
-0.13100551185602938 3.075999999999883
-0.13100547484204875 3.0779999999998826
-0.13100543804649634 3.0799999999998824
-0.1310054014683763 3.081999999999882
-0.13100536510669156 3.083999999999882
-0.13100532896044548 3.0859999999998817
-0.1310052930286416 3.0879999999998815
-0.1310052573102833 3.0899999999998813
-0.13100522180437413 3.091999999999881
-0.13100518650991844 3.093999999999881
-0.13100515142592034 3.0959999999998806
-0.13100511655138483 3.0979999999998804
-0.13100508188531745 3.09999999999988
-0.13100504742672425 3.10199999999988
-0.13100501317461227 3.1039999999998797
-0.13100497912798925 3.1059999999998795
-0.1310049452858639 3.1079999999998793
-0.13100491164724565 3.109999999999879
-0.13100487821114523 3.111999999999879
-0.13100484497657458 3.1139999999998786
-0.13100481194254676 3.1159999999998784
-0.1310047791080759 3.117999999999878
-0.1310047464721778 3.119999999999878
-0.1310047140338694 3.1219999999998778
-0.13100468179216948 3.1239999999998775
-0.1310046497460977 3.1259999999998773
-0.13100461789467605 3.127999999999877
-0.13100458623692773 3.129999999999877
-0.13100455477187795 3.1319999999998767
-0.13100452349855357 3.1339999999998764
-0.1310044924159829 3.135999999999876
-0.13100446152319697 3.137999999999876
-0.13100443081922802 3.139999999999876
-0.13100440030311092 3.1419999999998756
-0.13100436997388162 3.1439999999998753
-0.13100433983057935 3.145999999999875
-0.1310043098722445 3.147999999999875
-0.1310042800979205 3.1499999999998747
-0.13100425050665243 3.1519999999998745
-0.13100422109748755 3.1539999999998742
-0.13100419186947604 3.155999999999874
-0.13100416282166996 3.157999999999874
-0.13100413395312424 3.1599999999998736
-0.13100410526289552 3.1619999999998734
-0.13100407675004364 3.163999999999873
-0.13100404841363084 3.165999999999873
-0.13100402025272148 3.1679999999998727
-0.1310039922663832 3.1699999999998725
-0.13100396445368562 3.1719999999998723
-0.13100393681370132 3.173999999999872
-0.13100390934550593 3.175999999999872
-0.13100388204817712 3.1779999999998716
-0.13100385492079586 3.1799999999998714
-0.13100382796244578 3.181999999999871
-0.13100380117221316 3.183999999999871
-0.13100377454918727 3.1859999999998707
-0.13100374809246043 3.1879999999998705
-0.13100372180112752 3.1899999999998703
-0.13100369567428652 3.19199999999987
-0.1310036697110385 3.19399999999987
-0.1310036439104874 3.1959999999998696
-0.1310036182717399 3.1979999999998694
-0.13100359279390622 3.199999999999869
-0.13100356747609931 3.201999999999869
-0.13100354231743527 3.2039999999998687
-0.1310035173170331 3.2059999999998685
-0.1310034924740152 3.2079999999998683
-0.13100346778750707 3.209999999999868
-0.13100344325663696 3.211999999999868
-0.1310034188805369 3.2139999999998676
-0.1310033946583416 3.2159999999998674
-0.1310033705891892 3.217999999999867
-0.13100334667222097 3.219999999999867
-0.13100332290658154 3.2219999999998667
-0.13100329929141846 3.2239999999998665
-0.13100327582588295 3.2259999999998663
-0.1310032525091292 3.227999999999866
-0.13100322934031497 3.229999999999866
-0.13100320631860093 3.2319999999998656
-0.13100318344315115 3.2339999999998654
-0.13100316071313328 3.235999999999865
-0.13100313812771827 3.237999999999865
-0.13100311568607986 3.2399999999998648
-0.13100309338739582 3.2419999999998645
-0.1310030712308468 3.2439999999998643
-0.1310030492156172 3.245999999999864
-0.13100302734089456 3.247999999999864
-0.1310030056058694 3.2499999999998637
-0.13100298400973664 3.2519999999998634
-0.13100296255169364 3.2539999999998632
-0.13100294123094158 3.255999999999863
-0.1310029200466849 3.257999999999863
-0.13100289899813164 3.2599999999998626
-0.1310028780844929 3.2619999999998623
-0.13100285730498373 3.263999999999862
-0.13100283665882206 3.265999999999862
-0.13100281614522932 3.2679999999998617
-0.13100279576343093 3.2699999999998615
-0.131002775512655 3.2719999999998612
-0.1310027553921334 3.273999999999861
-0.1310027354011016 3.275999999999861
-0.13100271553879825 3.2779999999998606
-0.13100269580446527 3.2799999999998604
-0.13100267619734865 3.28199999999986
-0.1310026567166972 3.28399999999986
-0.13100263736176335 3.2859999999998597
-0.13100261813180314 3.2879999999998595
-0.13100259902607586 3.2899999999998593
-0.1310025800438443 3.291999999999859
-0.13100256118437467 3.293999999999859
-0.1310025424469367 3.2959999999998586
-0.1310025238308033 3.2979999999998584
-0.13100250533525115 3.299999999999858
-0.13100248695956007 3.301999999999858
-0.1310024687030134 3.3039999999998577
-0.13100245056489818 3.3059999999998575
-0.13100243254450455 3.3079999999998573
-0.1310024146411261 3.309999999999857
-0.1310023968540597 3.311999999999857
-0.13100237918260627 3.3139999999998566
-0.13100236162606924 3.3159999999998564
-0.13100234418375617 3.317999999999856
-0.13100232685497765 3.319999999999856
-0.13100230963904763 3.3219999999998557
-0.13100229253528373 3.3239999999998555
-0.13100227554300675 3.3259999999998553
-0.13100225866154086 3.327999999999855
-0.13100224189021398 3.329999999999855
-0.13100222522835675 3.3319999999998546
-0.13100220867530352 3.3339999999998544
-0.13100219223039222 3.335999999999854
-0.13100217589296367 3.337999999999854
-0.13100215966236245 3.3399999999998538
-0.131002143537936 3.3419999999998535
-0.13100212751903578 3.3439999999998533
-0.131002111605016 3.345999999999853
-0.13100209579523436 3.347999999999853
-0.1310020800890519 3.3499999999998527
-0.131002064485833 3.3519999999998524
-0.1310020489849452 3.353999999999852
-0.13100203358575943 3.355999999999852
-0.1310020182876499 3.3579999999998518
-0.13100200308999418 3.3599999999998515
-0.13100198799217272 3.3619999999998513
-0.13100197299356994 3.363999999999851
-0.13100195809357273 3.365999999999851
-0.13100194329157164 3.3679999999998507
-0.13100192858696064 3.3699999999998504
-0.13100191397913624 3.3719999999998502
-0.1310018994674988 3.37399999999985
-0.13100188505145172 3.37599999999985
-0.1310018707304014 3.3779999999998496
-0.13100185650375784 3.3799999999998493
-0.13100184237093368 3.381999999999849
-0.1310018283313451 3.383999999999849
-0.13100181438441133 3.3859999999998487
-0.13100180052955487 3.3879999999998485
-0.13100178676620103 3.3899999999998482
-0.13100177309377847 3.391999999999848
-0.13100175951171925 3.393999999999848
-0.13100174601945785 3.3959999999998476
-0.13100173261643275 3.3979999999998474
-0.1310017193020845 3.399999999999847
-0.13100170607585743 3.401999999999847
-0.13100169293719893 3.4039999999998467
-0.13100167988555889 3.4059999999998465
-0.13100166692039097 3.4079999999998463
-0.1310016540411516 3.409999999999846
-0.13100164124729974 3.411999999999846
-0.13100162853829797 3.4139999999998456
-0.13100161591361173 3.4159999999998454
-0.13100160337270947 3.417999999999845
-0.13100159091506236 3.419999999999845
-0.13100157854014485 3.4219999999998447
-0.13100156624743423 3.4239999999998445
-0.13100155403641087 3.4259999999998443
-0.13100154190655766 3.427999999999844
-0.13100152985736088 3.429999999999844
-0.13100151788830972 3.4319999999998436
-0.1310015059988957 3.4339999999998434
-0.13100149418861393 3.435999999999843
-0.13100148245696192 3.437999999999843
-0.13100147080344055 3.4399999999998427
-0.13100145922755288 3.4419999999998425
-0.13100144772880543 3.4439999999998423
-0.13100143630670721 3.445999999999842
-0.13100142496076986 3.447999999999842
-0.1310014136905086 3.4499999999998416
-0.13100140249544068 3.4519999999998414
-0.1310013913750866 3.453999999999841
-0.13100138032896924 3.455999999999841
-0.13100136935661466 3.4579999999998408
-0.13100135845755123 3.4599999999998405
-0.13100134763131044 3.4619999999998403
-0.13100133687742666 3.46399999999984
-0.13100132619543597 3.46599999999984
-0.13100131558487835 3.4679999999998397
-0.13100130504529617 3.4699999999998394
-0.13100129457623377 3.471999999999839
-0.1310012841772391 3.473999999999839
-0.1310012738478624 3.4759999999998388
-0.13100126358765612 3.4779999999998386
-0.13100125339617605 3.4799999999998383
-0.13100124327298016 3.481999999999838
-0.1310012332176292 3.483999999999838
-0.13100122322968638 3.4859999999998377
-0.13100121330871778 3.4879999999998375
-0.1310012034542917 3.4899999999998372
-0.13100119366597918 3.491999999999837
-0.13100118394335375 3.493999999999837
-0.13100117428599156 3.4959999999998366
-0.13100116469347128 3.4979999999998364
-0.13100115516537408 3.499999999999836
-0.13100114570128357 3.501999999999836
-0.13100113630078586 3.5039999999998357
-0.13100112696346938 3.5059999999998355
-0.1310011176889255 3.5079999999998353
-0.13100110847674767 3.509999999999835
-0.13100109932653167 3.511999999999835
-0.13100109023787607 3.5139999999998346
-0.1310010812103818 3.5159999999998344
-0.13100107224365182 3.517999999999834
-0.13100106333729183 3.519999999999834
-0.13100105449091007 3.5219999999998337
-0.1310010457041166 3.5239999999998335
-0.13100103697652404 3.5259999999998333
-0.1310010283077479 3.527999999999833
-0.13100101969740538 3.529999999999833
-0.13100101114511598 3.5319999999998326
-0.1310010026505021 3.5339999999998324
-0.13100099421318795 3.535999999999832
-0.13100098583280007 3.537999999999832
-0.1310009775089674 3.5399999999998317
-0.13100096924132112 3.5419999999998315
-0.13100096102949457 3.5439999999998313
-0.1310009528731237 3.545999999999831
-0.13100094477184604 3.547999999999831
-0.13100093672530194 3.5499999999998306
-0.13100092873313363 3.5519999999998304
-0.13100092079498565 3.55399999999983
-0.1310009129105046 3.55599999999983
-0.13100090507933948 3.5579999999998297
-0.13100089730114114 3.5599999999998295
-0.13100088957556294 3.5619999999998293
-0.13100088190226017 3.563999999999829
-0.13100087428089024 3.565999999999829
-0.13100086671111258 3.5679999999998286
-0.131000859192589 3.5699999999998284
-0.1310008517249832 3.571999999999828
-0.1310008443079612 3.573999999999828
-0.1310008369411905 3.5759999999998278
-0.13100082962434123 3.5779999999998275
-0.1310008223570857 3.5799999999998273
-0.13100081513909748 3.581999999999827
-0.13100080797005315 3.583999999999827
-0.13100080084963045 3.5859999999998267
-0.13100079377750945 3.5879999999998264
-0.13100078675337246 3.589999999999826
-0.1310007797769034 3.591999999999826
-0.1310007728477885 3.593999999999826
-0.13100076596571553 3.5959999999998256
-0.13100075913037443 3.5979999999998253
-0.13100075234145733 3.599999999999825
-0.13100074559865804 3.601999999999825
-0.13100073890167205 3.6039999999998247
-0.13100073225019712 3.6059999999998245
-0.13100072564393273 3.6079999999998242
-0.13100071908258054 3.609999999999824
-0.13100071256584375 3.611999999999824
-0.13100070609342743 3.6139999999998236
-0.1310006996650387 3.6159999999998234
-0.13100069328038638 3.617999999999823
-0.13100068693918115 3.619999999999823
-0.1310006806411357 3.6219999999998227
-0.13100067438596413 3.6239999999998225
-0.1310006681733828 3.6259999999998223
-0.13100066200310945 3.627999999999822
-0.13100065587486415 3.629999999999822
-0.13100064978836806 3.6319999999998216
-0.13100064374334452 3.6339999999998214
-0.13100063773951856 3.635999999999821
-0.13100063177661697 3.637999999999821
-0.13100062585436809 3.6399999999998207
-0.1310006199725024 3.6419999999998205
-0.1310006141307516 3.6439999999998203
-0.1310006083288493 3.64599999999982
-0.1310006025665311 3.64799999999982
-0.13100059684353377 3.6499999999998196
-0.13100059115959584 3.6519999999998194
-0.13100058551445815 3.653999999999819
-0.13100057990786212 3.655999999999819
-0.1310005743395519 3.6579999999998187
-0.13100056880927247 3.6599999999998185
-0.13100056331677068 3.6619999999998183
-0.13100055786179526 3.663999999999818
-0.1310005524440963 3.665999999999818
-0.13100054706342537 3.6679999999998176
-0.1310005417195361 3.6699999999998174
-0.13100053641218304 3.671999999999817
-0.1310005311411228 3.673999999999817
-0.1310005259061136 3.6759999999998167
-0.13100052070691465 3.6779999999998165
-0.13100051554328745 3.6799999999998163
-0.13100051041499436 3.681999999999816
-0.13100050532179947 3.683999999999816
-0.13100050026346902 3.6859999999998156
-0.13100049523976973 3.6879999999998154
-0.13100049025047067 3.689999999999815
-0.13100048529534164 3.691999999999815
-0.1310004803741544 3.6939999999998148
-0.13100047548668237 3.6959999999998145
-0.13100047063269987 3.6979999999998143
-0.1310004658119831 3.699999999999814
-0.1310004610243096 3.701999999999814
-0.13100045626945814 3.7039999999998137
-0.13100045154720935 3.7059999999998134
-0.13100044685734485 3.7079999999998132
-0.1310004421996478 3.709999999999813
-0.1310004375739029 3.711999999999813
-0.13100043297989603 3.7139999999998126
-0.1310004284174149 3.7159999999998123
-0.13100042388624783 3.717999999999812
-0.13100041938618545 3.719999999999812
-0.13100041491701886 3.7219999999998117
-0.13100041047854105 3.7239999999998115
-0.13100040607054603 3.7259999999998112
-0.13100040169282973 3.727999999999811
-0.13100039734518873 3.729999999999811
-0.13100039302742128 3.7319999999998106
-0.13100038873932685 3.7339999999998104
-0.13100038448070617 3.73599999999981
-0.13100038025136151 3.73799999999981
-0.13100037605109624 3.7399999999998097
-0.13100037187971478 3.7419999999998095
-0.1310003677370233 3.7439999999998093
-0.1310003636228289 3.745999999999809
-0.1310003595369402 3.747999999999809
-0.13100035547916672 3.7499999999998086
-0.13100035144931965 3.7519999999998084
-0.13100034744721084 3.753999999999808
-0.13100034347265394 3.755999999999808
-0.1310003395254636 3.7579999999998077
-0.1310003356054555 3.7599999999998075
-0.1310003317124469 3.7619999999998073
-0.13100032784625593 3.763999999999807
-0.1310003240067021 3.765999999999807
-0.1310003201936058 3.7679999999998066
-0.13100031640678936 3.7699999999998064
-0.13100031264607517 3.771999999999806
-0.13100030891128783 3.773999999999806
-0.13100030520225214 3.7759999999998057
-0.131000301518795 3.7779999999998055
-0.13100029786074371 3.7799999999998053
-0.13100029422792714 3.781999999999805
-0.1310002906201748 3.783999999999805
-0.13100028703731809 3.7859999999998046
-0.13100028347918874 3.7879999999998044
-0.13100027994562016 3.789999999999804
-0.13100027643644624 3.791999999999804
-0.13100027295150266 3.7939999999998038
-0.13100026949062582 3.7959999999998035
-0.13100026605365314 3.7979999999998033
-0.13100026264042336 3.799999999999803
-0.13100025925077607 3.801999999999803
-0.1310002558845516 3.8039999999998027
-0.1310002525415923 3.8059999999998024
-0.13100024922174075 3.807999999999802
-0.1310002459248407 3.809999999999802
-0.13100024265073695 3.8119999999998018
-0.13100023939927558 3.8139999999998015
-0.1310002361703036 3.8159999999998013
-0.13100023296366864 3.817999999999801
-0.13100022977921977 3.819999999999801
-0.13100022661680719 3.8219999999998007
-0.13100022347628132 3.8239999999998004
-0.1310002203574943 3.8259999999998002
-0.13100021726029934 3.8279999999998
-0.1310002141845497 3.8299999999998
-0.13100021113010074 3.8319999999997996
-0.131000208096808 3.8339999999997993
-0.13100020508452823 3.835999999999799
-0.13100020209311927 3.837999999999799
-0.13100019912243957 3.8399999999997987
-0.13100019617234893 3.8419999999997985
-0.13100019324270773 3.8439999999997982
-0.13100019033337737 3.845999999999798
-0.13100018744422048 3.847999999999798
-0.13100018457510007 3.8499999999997976
-0.13100018172588046 3.8519999999997974
-0.1310001788964265 3.853999999999797
-0.13100017608660455 3.855999999999797
-0.13100017329628105 3.8579999999997967
-0.13100017052532428 3.8599999999997965
-0.13100016777360252 3.8619999999997963
-0.13100016504098524 3.863999999999796
-0.13100016232734307 3.865999999999796
-0.13100015963254713 3.8679999999997956
-0.13100015695646966 3.8699999999997954
-0.13100015429898343 3.871999999999795
-0.13100015165996237 3.873999999999795
-0.13100014903928073 3.8759999999997947
-0.13100014643681462 3.8779999999997945
-0.1310001438524401 3.8799999999997943
-0.1310001412860342 3.881999999999794
-0.13100013873747504 3.883999999999794
-0.13100013620664105 3.8859999999997936
-0.13100013369341226 3.8879999999997934
-0.1310001311976688 3.889999999999793
-0.13100012871929195 3.891999999999793
-0.13100012625816343 3.8939999999997927
-0.13100012381416662 3.8959999999997925
-0.1310001213871844 3.8979999999997923
-0.13100011897710137 3.899999999999792
-0.13100011658380253 3.901999999999792
-0.13100011420717406 3.9039999999997916
-0.13100011184710242 3.9059999999997914
-0.13100010950347482 3.907999999999791
-0.13100010717617958 3.909999999999791
-0.13100010486510552 3.9119999999997908
-0.1310001025701425 3.9139999999997905
-0.13100010029118053 3.9159999999997903
-0.13100009802811094 3.91799999999979
-0.13100009578082558 3.91999999999979
-0.13100009354921707 3.9219999999997897
-0.13100009133317853 3.9239999999997894
-0.13100008913260394 3.925999999999789
-0.1310000869473883 3.927999999999789
-0.13100008477742686 3.9299999999997888
-0.1310000826226155 3.9319999999997886
-0.1310000804828515 3.9339999999997883
-0.1310000783580319 3.935999999999788
-0.13100007624805537 3.937999999999788
-0.1310000741528204 3.9399999999997877
-0.13100007207222683 3.9419999999997875
-0.13100007000617458 3.9439999999997872
-0.13100006795456484 3.945999999999787
-0.13100006591729907 3.947999999999787
-0.1310000638942797 3.9499999999997866
-0.13100006188540933 3.9519999999997864
-0.13100005989059155 3.953999999999786
-0.13100005790973068 3.955999999999786
-0.13100005594273134 3.9579999999997857
-0.13100005398949932 3.9599999999997855
-0.13100004420812017 3.9619999999997852
-0.13100004383916392 3.963999999999785
-0.1310000434726962 3.965999999999785
-0.1310000431087009 3.9679999999997846
-0.1310000427471617 3.9699999999997844
-0.1310000423880628 3.971999999999784
-0.13100004203138826 3.973999999999784
-0.1310000416771222 3.9759999999997837
-0.131000041325249 3.9779999999997835
-0.13100004097575288 3.9799999999997833
-0.13100004062861834 3.981999999999783
-0.13100003159100285 3.983999999999783
-0.13100002980842604 3.9859999999997826
-0.13100002803835786 3.9879999999997824
-0.13100002628071317 3.989999999999782
-0.13100002453540693 3.991999999999782
-0.13100002280235495 3.9939999999997817
-0.13100002108147352 3.9959999999997815
-0.13100001937267947 3.9979999999997813
-0.1310000176758904 3.999999999999781
-0.13100001599102398 4.001999999999781
-0.13100001431799918 4.003999999999781
-0.1310000126567346 4.005999999999781
-0.13100001100715042 4.007999999999781
-0.13100000936916634 4.00999999999978
-0.13100000774270346 4.01199999999978
-0.13100000612768276 4.01399999999978
-0.13100000452402608 4.01599999999978
-0.131000002931656 4.0179999999997795
-0.13100000135049508 4.019999999999779
-0.13099999978046675 4.021999999999779
-0.13099999822149494 4.023999999999779
-0.13099999667350398 4.025999999999779
-0.1309999951364188 4.027999999999778
-0.13099999361016484 4.029999999999778
-0.1309999920946681 4.031999999999778
-0.130999990589855 4.033999999999778
-0.13099998909565233 4.0359999999997775
-0.13099998909565233 4.0359999999997775
